  8.2041955e-001
  9.7726262e-001
  1.1319931e+000
  1.2292182e+000
  1.3020544e+000
  1.3418445e+000
  1.2155152e+000
  9.5867082e-001
  7.1797623e-001
  5.2800626e-001
  3.9673709e-001
  4.0502262e-001
  6.9005654e-001
  9.0977542e-001
  9.4378159e-001
  8.8738286e-001
  8.8962326e-001
  1.0534581e+000
  1.1311059e+000
  1.1673042e+000
  1.2374115e+000
  1.2522539e+000
  1.0724699e+000
  8.7547490e-001
  7.0647381e-001
  5.4997334e-001
  4.6033754e-001
  5.9334513e-001
  8.6841350e-001
  1.0258031e+000
  1.0376806e+000
  1.0058412e+000
  1.0910674e+000
  1.1612084e+000
  1.0638136e+000
  9.9962264e-001
  9.7940929e-001
  8.4307926e-001
  7.1508571e-001
  7.4375863e-001
  8.3354344e-001
  9.4050916e-001
  1.1050765e+000
  1.2005560e+000
  1.2770957e+000
  1.3250283e+000
  1.2497833e+000
  1.0089241e+000
  7.6876839e-001
  5.7079403e-001
  4.2756437e-001
  3.9372408e-001
  6.3320472e-001
  8.9146699e-001
  9.5939404e-001
  9.1548218e-001
  8.9250904e-001
  1.0357453e+000
  1.1276557e+000
  1.1443469e+000
  1.2027376e+000
  1.2350943e+000
  1.0789351e+000
  8.8627353e-001
  7.3591174e-001
  5.8981221e-001
  4.9277039e-001
  6.0635581e-001
  8.7256035e-001
  1.0437726e+000
  1.0755336e+000
  1.0505313e+000
  1.1268573e+000
  1.1794291e+000
  1.0467264e+000
  9.3493333e-001
  8.7710646e-001
  7.4010856e-001
  6.3592832e-001
  7.2534560e-001
  9.0866719e-001
  1.0781050e+000
  1.1809154e+000
  1.2128857e+000
  1.2799320e+000
  1.2564763e+000
  1.0401920e+000
  8.0891225e-001
  6.3027199e-001
  4.8095145e-001
  4.1792720e-001
  6.1284303e-001
  8.8843909e-001
  9.9566373e-001
  9.7347492e-001
  9.4100055e-001
  1.0590242e+000
  1.1361447e+000
  1.0976809e+000
  1.1102054e+000
  1.1295900e+000
  9.8051852e-001
  8.2169342e-001
  7.5271081e-001
  6.8489614e-001
  6.4981173e-001
  8.2582982e-001
  1.0360410e+000
  1.1652948e+000
  1.2190768e+000
  1.2532409e+000
  1.2882477e+000
  1.1105921e+000
  8.6362608e-001
  6.6636917e-001
  5.1340232e-001
  4.1442519e-001
  5.2670204e-001
  8.2479036e-001
  9.7591323e-001
  9.7980316e-001
  9.3269108e-001
  1.0062892e+000
  1.1322463e+000
  1.1146083e+000
  1.1139070e+000
  1.1532000e+000
  1.0551541e+000
  8.6937121e-001
  7.6718790e-001
  6.8933631e-001
  6.1417009e-001
  7.1576263e-001
  9.5161110e-001
  1.1134109e+000
  1.1852251e+000
  1.2013900e+000
  1.2682349e+000
  1.1977797e+000
  9.6768031e-001
  7.5957539e-001
  6.0560144e-001
  4.7279905e-001
  4.6408725e-001
  7.1971008e-001
  9.5091567e-001
  1.0225595e+000
  9.8967971e-001
  9.9337971e-001
  1.1280497e+000
  1.1260613e+000
  1.0575187e+000
  1.0579602e+000
  1.0157107e+000
  8.4147355e-001
  7.4870888e-001
  7.5761225e-001
  7.6161733e-001
  8.5905043e-001
  1.0529943e+000
  1.1791791e+000
  1.2643818e+000
  1.3227095e+000
  1.3197845e+000
  1.1112444e+000
  8.5030165e-001
  6.2988291e-001
  4.6376636e-001
  3.7124388e-001
  5.0061063e-001
  8.0857176e-001
  9.4099424e-001
  9.2363349e-001
  8.6771652e-001
  9.4863483e-001
  1.1026397e+000
  1.1429502e+000
  1.1966445e+000
  1.2622114e+000
  1.1961189e+000
  9.8549008e-001
  8.0367194e-001
  6.3687117e-001
  4.9597472e-001
  4.7857660e-001
  7.0806142e-001
  9.5275374e-001
  1.0425911e+000
  1.0178646e+000
  1.0186448e+000
  1.1432770e+000
  1.1286146e+000
  1.0292734e+000
  1.0007493e+000
  9.4727366e-001
  7.8195531e-001
  7.1306806e-001
  7.7986114e-001
  8.5882815e-001
  9.9851437e-001
  1.1441493e+000
  1.2289876e+000
  1.3011817e+000
  1.3254624e+000
  1.1786713e+000
  9.2480282e-001
  6.9579879e-001
  5.1428460e-001
  3.9502428e-001
  4.3871692e-001
  7.3781560e-001
  9.3107256e-001
  9.4954292e-001
  8.9296763e-001
  9.1990320e-001
  1.0830179e+000
  1.1327060e+000
  1.1625661e+000
  1.2285487e+000
  1.2115832e+000
  1.0152176e+000
  8.3741460e-001
  6.8568884e-001
  5.4313667e-001
  4.9073054e-001
  6.8155873e-001
  9.3685422e-001
  1.0611971e+000
  1.0591282e+000
  1.0485811e+000
  1.1570968e+000
  1.1479152e+000
  1.0108624e+000
  9.3284883e-001
  8.6805804e-001
  7.1468774e-001
  6.5436281e-001
  7.7785928e-001
  9.4459122e-001
  1.1047622e+000
  1.1907947e+000
  1.2341675e+000
  1.2990198e+000
  1.2313128e+000
  9.9663157e-001
  7.7189327e-001
  5.9249142e-001
  4.5113828e-001
  4.2120276e-001
  6.6336661e-001
  9.1489902e-001
  9.8927906e-001
  9.5150809e-001
  9.3596960e-001
  1.0759795e+000
  1.1309203e+000
  1.1071529e+000
  1.1411668e+000
  1.1478300e+000
  9.7733160e-001
  8.2338936e-001
  7.3774870e-001
  6.4353292e-001
  6.0960597e-001
  8.0178346e-001
  1.0199893e+000
  1.1468255e+000
  1.1824146e+000
  1.2078809e+000
  1.2666506e+000
  1.1169319e+000
  8.8630746e-001
  7.0905082e-001
  5.6562157e-001
  4.5644122e-001
  5.4287335e-001
  8.2881854e-001
  1.0033580e+000
  1.0320514e+000
  9.9342653e-001
  1.0543274e+000
  1.1582602e+000
  1.0883860e+000
  1.0233938e+000
  1.0192411e+000
  9.0858241e-001
  7.5462778e-001
  7.3763568e-001
  7.9497251e-001
  8.5544088e-001
  1.0245099e+000
  1.1588872e+000
  1.2475297e+000
  1.3147945e+000
  1.3293040e+000
  1.1510536e+000
  8.9284402e-001
  6.6522075e-001
  4.8953048e-001
  3.8046214e-001
  4.5971727e-001
  7.6899944e-001
  9.3522714e-001
  9.3619261e-001
  8.7739334e-001
  9.2664633e-001
  1.0901237e+000
  1.1369544e+000
  1.1803927e+000
  1.2488016e+000
  1.2141883e+000
  1.0099235e+000
  8.2735551e-001
  6.6423097e-001
  5.1868938e-001
  4.7505730e-001
  6.7794621e-001
  9.3437821e-001
  1.0468103e+000
  1.0338727e+000
  1.0228854e+000
  1.1388742e+000
  1.1414647e+000
  1.0286059e+000
  9.7969649e-001
  9.3177115e-001
  7.7241555e-001
  6.9450360e-001
  7.7388376e-001
  8.8315887e-001
  1.0275773e+000
  1.1602598e+000
  1.2317711e+000
  1.3015490e+000
  1.3057769e+000
  1.1303543e+000
  8.8045374e-001
  6.6521248e-001
  4.9475083e-001
  3.9320743e-001
  4.9020436e-001
  7.9501598e-001
  9.5291042e-001
  9.5206767e-001
  8.9833456e-001
  9.6050482e-001
  1.1098390e+000
  1.1301043e+000
  1.1584310e+000
  1.2177592e+000
  1.1539337e+000
  9.5234495e-001
  7.9914889e-001
  6.6438261e-001
  5.3974089e-001
  5.4804882e-001
  7.8563729e-001
  1.0063084e+000
  1.0962363e+000
  1.0848690e+000
  1.1109693e+000
  1.2054781e+000
  1.1010384e+000
  9.3869201e-001
  8.4571470e-001
  7.3284979e-001
  6.0094278e-001
  6.4216767e-001
  8.5585473e-001
  1.0531980e+000
  1.1604804e+000
  1.1713565e+000
  1.2216879e+000
  1.2537917e+000
  1.0679671e+000
  8.4618642e-001
  6.8868752e-001
  5.4490997e-001
  4.5603444e-001
  6.0240813e-001
  8.8159187e-001
  1.0272457e+000
  1.0352842e+000
  1.0019165e+000
  1.0940307e+000
  1.1563470e+000
  1.0594761e+000
  1.0005915e+000
  9.8396715e-001
  8.4419825e-001
  7.2075773e-001
  7.5215661e-001
  8.3649440e-001
  9.3789698e-001
  1.1033034e+000
  1.2021356e+000
  1.2799863e+000
  1.3267509e+000
  1.2538768e+000
  1.0131017e+000
  7.7025096e-001
  5.7066279e-001
  4.2676779e-001
  3.9016005e-001
  6.2657605e-001
  8.8727979e-001
  9.5650409e-001
  9.1284180e-001
  8.8774969e-001
  1.0297890e+000
  1.1268738e+000
  1.1471869e+000
  1.2070165e+000
  1.2426475e+000
  1.0905674e+000
  8.9407774e-001
  7.3817245e-001
  5.8826324e-001
  4.8594390e-001
  5.8794477e-001
  8.5636339e-001
  1.0336363e+000
  1.0674610e+000
  1.0392023e+000
  1.1093257e+000
  1.1782188e+000
  1.0590587e+000
  9.5401218e-001
  9.0680647e-001
  7.7554877e-001
  6.5744774e-001
  7.2153569e-001
  8.8401684e-001
  1.0445757e+000
  1.1696586e+000
  1.2157015e+000
  1.2813212e+000
  1.2843305e+000
  1.0957190e+000
  8.5250085e-001
  6.5738764e-001
  4.9708471e-001
  4.0698225e-001
  5.3989891e-001
  8.3671979e-001
  9.7712011e-001
  9.7034212e-001
  9.2356795e-001
  1.0084771e+000
  1.1298793e+000
  1.1142703e+000
  1.1259771e+000
  1.1686901e+000
  1.0629282e+000
  8.7726415e-001
  7.7024939e-001
  6.7765377e-001
  5.9320849e-001
  6.9212501e-001
  9.3284425e-001
  1.1008624e+000
  1.1694446e+000
  1.1774268e+000
  1.2466718e+000
  1.2035972e+000
  9.8546990e-001
  7.8530538e-001
  6.4048601e-001
  5.0437364e-001
  4.7652781e-001
  7.0958006e-001
  9.5215753e-001
  1.0454390e+000
  1.0245734e+000
  1.0214391e+000
  1.1449976e+000
  1.1301921e+000
  1.0252346e+000
  9.8958278e-001
  9.3620730e-001
  7.7307787e-001
  7.0634193e-001
  7.8294629e-001
  8.7602003e-001
  1.0195496e+000
  1.1561252e+000
  1.2344733e+000
  1.3043188e+000
  1.3142797e+000
  1.1458009e+000
  8.9331784e-001
  6.7213299e-001
  4.9810967e-001
  3.9094417e-001
  4.7138698e-001
  7.7702236e-001
  9.4465799e-001
  9.4848294e-001
  8.9280937e-001
  9.4406345e-001
